Variação do número de ANTS e GERAÇÕES:

Para 10 ants:

1ª iteração (10 ants / 100 gerações):

cost: 15989.982054478714, path: [12, 11, 13, 10, 22, 15, 4, 5, 6, 1, 3, 7, 8, 9, 2, 17, 16, 18, 23, 24, 19, 20, 21, 25, 27, 26, 29, 30, 28, 0, 14]

2ª iteração (10 ants / 200 gerações):

cost: 15947.816892358846, path: [13, 11, 12, 6, 5, 4, 15, 3, 1, 7, 8, 9, 22, 10, 23, 24, 19, 18, 16, 17, 2, 20, 21, 25, 27, 26, 29, 30, 28, 0, 14]

3ª iteração (10 ants / 500 gerações):

cost: 15601.919532918737, path: [13, 11, 12, 10, 22, 15, 4, 5, 6, 1, 3, 7, 8, 9, 2, 17, 16, 18, 23, 24, 19, 20, 21, 25, 27, 26, 29, 30, 28, 0, 14]

Para 20 ants:

1ª iteração (20 ants / 100 gerações):

cost: 15892.800061811617, path: [0, 14, 13, 11, 12, 10, 22, 15, 4, 5, 6, 1, 3, 7, 8, 9, 16, 18, 17, 2, 20, 21, 19, 23, 24, 25, 27, 26, 29, 30, 28]

2ª iteração (20 ants / 200 gerações):

cost: 16187.932442180916, path: [12, 11, 13, 10, 22, 15, 4, 5, 6, 1, 3, 7, 8, 9, 2, 17, 16, 18, 23, 19, 24, 20, 21, 25, 27, 26, 29, 30, 28, 0, 14]

3ª iteração (20 ants / 500 gerações):

cost: 15885.100212883408, path: [13, 11, 12, 10, 22, 15, 4, 5, 6, 1, 3, 8, 9, 7, 16, 18, 17, 2, 20, 21, 19, 23, 24, 25, 27, 26, 29, 30, 28, 0, 14]



cost: 15601.919532918737, path: [13, 11, 12, 10, 22, 15, 4, 5, 6, 1, 3, 7, 8, 9, 2, 17, 16, 18, 23, 24, 19, 20, 21, 25, 27, 26, 29, 30, 28, 0, 14]

2ª iteração (50 ants / 200 gerações):

cost: 15601.919532918737, path: [13, 11, 12, 10, 22, 15, 4, 5, 6, 1, 3, 7, 8, 9, 2, 17, 16, 18, 23, 24, 19, 20, 21, 25, 27, 26, 29, 30, 28, 0, 14]

3ª iteração (50 ants / 500 gerações):

cost: 15601.919532918737, path: [13, 11, 12, 10, 22, 15, 4, 5, 6, 1, 3, 7, 8, 9, 2, 17, 16, 18, 23, 24, 19, 20, 21, 25, 27, 26, 29, 30, 28, 0, 14]

CUSTO ÓTIMO: 15601.919532918737 (10 ANTS e 500 gerações)
_______________________________________________________________________________________________

Variação da FEROMONA, HEURÍSTICA e COEFICIENTE RESIDUAL

Para 0.1 FEROMONA:

1º iteração (0.1 / 0.1 / 0.1):

cost: 31773.220005847423, path: [24, 11, 5, 2, 16, 3, 4, 17, 21, 6, 1, 20, 25, 10, 22, 23, 9, 7, 8, 18, 19, 30, 28, 27, 26, 0, 13, 29, 14, 12, 15]

2º iteração (0.1 / 0.1 / 0.5):

cost: 31581.46129955326, path: [24, 5, 26, 12, 0, 28, 18, 17, 16, 6, 21, 23, 13, 14, 1, 3, 4, 15, 7, 9, 8, 20, 2, 19, 22, 29, 30, 27, 10, 11, 25]

3ª iteração (0.1 / 0.1 / 1): 

cost: 30842.801783403807, path: [5, 4, 24, 25, 27, 7, 9, 18, 17, 2, 21, 10, 28, 30, 6, 1, 8, 22, 15, 19, 23, 14, 0, 12, 11, 13, 29, 16, 20, 26, 3]

4ª iteração (0.1 / 0.5 / 0.1):

cost: 25585.961800812056, path: [23, 17, 24, 19, 6, 11, 9, 8, 7, 1, 15, 10, 12, 2, 16, 18, 21, 20, 29, 26, 27, 30, 28, 22, 25, 0, 14, 13, 5, 4, 3]

5ª iteração (0.1 / 0.5 / 0.5):





_______________________________________________________


Variação do número de ANTS e GERAÇÕES:

Para 10 ants:

1ª iteração (10 ants / 100 gerações):

cost: 36213.112386197645, path: [9, 23, 41, 4, 47, 38, 31, 20, 46, 10, 22, 13, 24, 12, 11, 14, 39, 8, 0, 7, 37, 30, 43, 17, 6, 27, 35, 29, 5, 36, 18, 26, 42, 16, 19, 32, 45, 2, 21, 15, 40, 33, 28, 1, 25, 3, 34, 44]

2ª iteração (10 ants / 200 gerações):

cost: 37189.718388865265, path: [0, 7, 37, 8, 39, 14, 11, 32, 45, 30, 43, 17, 6, 27, 35, 29, 5, 36, 18, 26, 42, 16, 19, 46, 10, 22, 13, 24, 12, 20, 31, 38, 47, 4, 28, 1, 41, 9, 23, 44, 34, 25, 3, 40, 33, 2, 21, 15]

3ª iteração (10 ants / 500 gerações):

cost: 37713.78012001878, path: [28, 4, 47, 38, 31, 20, 12, 24, 13, 22, 10, 11, 14, 32, 45, 30, 43, 17, 6, 27, 35, 29, 5, 36, 18, 26, 42, 16, 19, 46, 39, 8, 0, 7, 37, 2, 21, 15, 40, 33, 41, 9, 23, 44, 34, 25, 3, 1]

Para 20 ants:

1ª iteração (20 ants / 100 gerações):

cost: 35454.19815006187, path: [4, 47, 38, 31, 20, 12, 24, 13, 22, 10, 11, 32, 45, 14, 39, 8, 0, 7, 37, 30, 43, 17, 6, 27, 35, 29, 5, 36, 18, 26, 42, 16, 19, 46, 2, 21, 15, 40, 33, 28, 1, 25, 3, 34, 44, 9, 23, 41]

2ª iteração (20 ants / 200 gerações):

cost: 34587.46992839868, path: [23, 9, 41, 4, 47, 38, 31, 20, 12, 24, 13, 22, 10, 11, 14, 39, 8, 0, 7, 37, 30, 43, 17, 6, 27, 5, 36, 18, 26, 42, 16, 29, 35, 45, 32, 19, 46, 2, 21, 15, 40, 33, 28, 1, 25, 3, 34, 44]

3ª iteração (20 ants / 500 gerações):

cost: 36293.21358894298, path: [3, 25, 34, 44, 9, 23, 31, 38, 24, 13, 22, 10, 11, 14, 32, 45, 39, 8, 0, 7, 37, 30, 43, 17, 6, 27, 35, 29, 5, 36, 18, 26, 42, 16, 19, 46, 20, 12, 33, 2, 21, 15, 40, 28, 4, 47, 41, 1]

Para 50 ants:

1ª iteração (50 ants / 100 gerações):

cost: 35754.52103473401, path: [23, 9, 41, 4, 47, 38, 31, 20, 12, 24, 13, 22, 10, 11, 14, 32, 45, 39, 8, 0, 7, 37, 30, 43, 17, 6, 27, 35, 29, 5, 36, 18, 26, 42, 16, 19, 46, 2, 21, 15, 40, 33, 28, 1, 25, 3, 34, 44]

2ª iteração (50 ants / 200 gerações):

cost: 35754.52103473401, path: [23, 9, 41, 4, 47, 38, 31, 20, 12, 24, 13, 22, 10, 11, 14, 32, 45, 39, 8, 0, 7, 37, 30, 43, 17, 6, 27, 35, 29, 5, 36, 18, 26, 42, 16, 19, 46, 2, 21, 15, 40, 33, 28, 1, 25, 3, 34, 44]

3ª iteração (50 ants / 500 gerações):

cost: 35479.25376182332, path: [23, 9, 41, 4, 47, 38, 31, 20, 12, 24, 13, 22, 10, 11, 32, 45, 14, 39, 8, 0, 7, 37, 30, 43, 17, 6, 27, 35, 29, 5, 36, 18, 26, 42, 16, 19, 46, 2, 21, 15, 40, 33, 28, 1, 25, 3, 34, 44]

SOLUÇÃO ÓTIMA, PARA JÁ: cost: 34587.46992839868

